644726 9863 6821596
8472 45051 4267814
48 2390 4
14 589 900
45011541 41 9
66 433 4
9 2906 12135159
28528 355304 5150
95 929557 49
73 215 297
48143 8895358 358575
931031 47012665 258722
919 926454 51
5959 3 75681
57 91742062 50705444
52202665 55283 2
0 33517906 856558
9392510 9082 5
90534518 8430293 1
66 442584 44
67 45 86488
577986 3384 14
56 56305606 95372
87 74447511 4871109
442179 5979293 2975
52228 627482 4
1 806 90
51 95 6055853
701138 7311 5
73779349 720913 17644927
6960 304 709886
60548 49160 903470
55830 474 96222
89559 44024 80504823
7008388 8647 19
9030 30803315 5435945
64342709 2449 30343341
477413 612220 792763
8 9044 705977
803039 17880097 305069
71026 82 35677425
5 53350042 1799993
133 14317 166134
7484391 5374 92905
78 5252 235
389 92 2145
40546 0 765
24874 808 21
6980 72494922 42
1 519 62769