847716 438310 7739
82604887002 9116 99588786438790737
8 29461373845809 47875981196846
0 4204 347
6044874498085191 779506 11339566
6752599546835 45 4053258059
145420718 8874380698830656 4
74627251 350045 2204
51761530354363 94933164216523 882260336379219022
347 40 234956837716417602
826958605641894901 397548 29748
2276266988 408 450
142227030 363333843099376 2
68225 353 3550
34275873218 13683093 541615
9348945401311 30 1305823836788
2969154 5398879 74827
7787380106444 492962596604 331848552
78831503631588 238 922215593668612478
2436 7283 99283314782
175986632371663923 5797220144724 9
9245617 3843038 2200874
18898444716886698 646501618439 616
444970046778416894 68060741864723567 476676877566
76600381472791347 26459277571 5928361743165
0 76847908791 75556659723254067
4728913604909649 61780100448 368101044
61427 23614849549 8944380139
411460 252540122333301 158108
3542474239047 0 355612564681855955
39368055712173347 5901 702200328433962155
3930766 43204610594 298
696157 19405245 48050
7337 451621266 73275917481912
80411193659032111 506387344 144663254623591742
335734437387 86832 7
75340 26999 1892
84276 26779048329578 56411056300505
197747407154 69835482223989772 398620459839
921543243467740955 1579542 481528196510
890851242716997 866810675781 52261034
53617349 9083548 16127460430
4413142202677 1485872672 578792
68995427612556 4489330389 3655154389983253
12177246862 110933036025189135 721169775982943
29192244 763592330 693
759859 559262 78845517009517
27178907556 98688 9246321283485
1905614109 5514462108 4162394929
35475039717194 215393414501333 1203977774998